5.407999999999999545e+02 3.040000000000000000e+02
5.647999999999999545e+02 2.861000000000000227e+02
5.810000000000000000e+02 2.544000000000000057e+02
7.160000000000000000e+02 5.916000000000000227e+02
6.540000000000000000e+02 5.576000000000000227e+02
4.196000000000000227e+02 3.208000000000000114e+02
3.231999999999999886e+02 2.446999999999999886e+02
3.043999999999999773e+02 1.868000000000000114e+02
5.722999999999999545e+02 2.891999999999999886e+02
5.943999999999999773e+02 2.933999999999999773e+02
1.326999999999999886e+02 4.780000000000000000e+02
5.510000000000000142e+01 3.550000000000000000e+02
5.462000000000000455e+02 3.410000000000000000e+02
5.805000000000000000e+02 3.128999999999999773e+02
